TITLE="noise output"	VARIABLES="frequency" 
	"Re(V(OUT))"
	"Im(V(OUT))"
	"onoise_spectrum "
	"inoise_spectrum "

ZONE F=POINT  T="Xyce data"
1.000000e+00	1.000000e+00	-6.283185e-05	1.657575e-15	1.657575e-15
1.122018e+00	1.000000e+00	-7.049850e-05	1.657575e-15	1.657575e-15
1.258925e+00	1.000000e+00	-7.910062e-05	1.657575e-15	1.657575e-15
1.412538e+00	1.000000e+00	-8.875235e-05	1.657575e-15	1.657575e-15
1.584893e+00	1.000000e+00	-9.958178e-05	1.657575e-15	1.657575e-15
1.778279e+00	1.000000e+00	-1.117326e-04	1.657575e-15	1.657575e-15
1.995262e+00	1.000000e+00	-1.253660e-04	1.657575e-15	1.657575e-15
2.238721e+00	1.000000e+00	-1.406630e-04	1.657575e-15	1.657575e-15
2.511886e+00	1.000000e+00	-1.578265e-04	1.657575e-15	1.657575e-15
2.818383e+00	1.000000e+00	-1.770842e-04	1.657575e-15	1.657575e-15
3.162278e+00	1.000000e+00	-1.986918e-04	1.657575e-15	1.657575e-15
3.548134e+00	1.000000e+00	-2.229358e-04	1.657575e-15	1.657575e-15
3.981072e+00	9.999999e-01	-2.501381e-04	1.657575e-15	1.657575e-15
4.466836e+00	9.999999e-01	-2.806596e-04	1.657575e-15	1.657575e-15
5.011872e+00	9.999999e-01	-3.149052e-04	1.657575e-15	1.657575e-15
5.623413e+00	9.999999e-01	-3.533294e-04	1.657575e-15	1.657575e-15
6.309573e+00	9.999998e-01	-3.964421e-04	1.657575e-15	1.657575e-15
7.079458e+00	9.999998e-01	-4.448154e-04	1.657575e-15	1.657575e-15
7.943282e+00	9.999998e-01	-4.990910e-04	1.657575e-15	1.657575e-15
8.912509e+00	9.999997e-01	-5.599893e-04	1.657575e-15	1.657575e-15
1.000000e+01	9.999996e-01	-6.283183e-04	1.657575e-15	1.657575e-15
1.122018e+01	9.999995e-01	-7.049846e-04	1.657575e-15	1.657575e-15
1.258925e+01	9.999994e-01	-7.910057e-04	1.657574e-15	1.657575e-15
1.412538e+01	9.999992e-01	-8.875228e-04	1.657574e-15	1.657575e-15
1.584893e+01	9.999990e-01	-9.958168e-04	1.657574e-15	1.657575e-15
1.778279e+01	9.999988e-01	-1.117325e-03	1.657573e-15	1.657575e-15
1.995262e+01	9.999984e-01	-1.253658e-03	1.657573e-15	1.657575e-15
2.238721e+01	9.999980e-01	-1.406627e-03	1.657572e-15	1.657575e-15
2.511886e+01	9.999975e-01	-1.578261e-03	1.657571e-15	1.657575e-15
2.818383e+01	9.999969e-01	-1.770837e-03	1.657570e-15	1.657575e-15
3.162278e+01	9.999961e-01	-1.986910e-03	1.657569e-15	1.657575e-15
3.548134e+01	9.999950e-01	-2.229347e-03	1.657567e-15	1.657575e-15
3.981072e+01	9.999937e-01	-2.501365e-03	1.657565e-15	1.657575e-15
4.466836e+01	9.999921e-01	-2.806574e-03	1.657562e-15	1.657575e-15
5.011872e+01	9.999901e-01	-3.149021e-03	1.657559e-15	1.657575e-15
5.623413e+01	9.999875e-01	-3.533251e-03	1.657555e-15	1.657575e-15
6.309573e+01	9.999843e-01	-3.964360e-03	1.657549e-15	1.657575e-15
7.079458e+01	9.999802e-01	-4.448067e-03	1.657543e-15	1.657575e-15
7.943282e+01	9.999751e-01	-4.990787e-03	1.657534e-15	1.657575e-15
8.912509e+01	9.999686e-01	-5.599719e-03	1.657524e-15	1.657575e-15
1.000000e+02	9.999605e-01	-6.282937e-03	1.657510e-15	1.657575e-15
1.122018e+02	9.999503e-01	-7.049500e-03	1.657493e-15	1.657575e-15
1.258925e+02	9.999374e-01	-7.909567e-03	1.657472e-15	1.657575e-15
1.412538e+02	9.999212e-01	-8.874536e-03	1.657445e-15	1.657575e-15
1.584893e+02	9.999008e-01	-9.957190e-03	1.657411e-15	1.657575e-15
1.778279e+02	9.998752e-01	-1.117186e-02	1.657369e-15	1.657575e-15
1.995262e+02	9.998429e-01	-1.253463e-02	1.657315e-15	1.657575e-15
2.238721e+02	9.998022e-01	-1.406352e-02	1.657248e-15	1.657575e-15
2.511886e+02	9.997510e-01	-1.577872e-02	1.657163e-15	1.657575e-15
2.818383e+02	9.996865e-01	-1.770287e-02	1.657056e-15	1.657575e-15
3.162278e+02	9.996054e-01	-1.986134e-02	1.656921e-15	1.657575e-15
3.548134e+02	9.995032e-01	-2.228251e-02	1.656752e-15	1.657575e-15
3.981072e+02	9.993747e-01	-2.499817e-02	1.656539e-15	1.657575e-15
4.466836e+02	9.992129e-01	-2.804387e-02	1.656271e-15	1.657575e-15
5.011872e+02	9.990093e-01	-3.145933e-02	1.655933e-15	1.657575e-15
5.623413e+02	9.987531e-01	-3.528889e-02	1.655509e-15	1.657575e-15
6.309573e+02	9.984308e-01	-3.958201e-02	1.654974e-15	1.657575e-15
7.079458e+02	9.980253e-01	-4.439371e-02	1.654302e-15	1.657575e-15
7.943282e+02	9.975153e-01	-4.978510e-02	1.653457e-15	1.657575e-15
8.912509e+02	9.968739e-01	-5.582389e-02	1.652394e-15	1.657575e-15
1.000000e+03	9.960677e-01	-6.258478e-02	1.651057e-15	1.657575e-15
1.122018e+03	9.950545e-01	-7.014985e-02	1.649378e-15	1.657575e-15
1.258925e+03	9.937820e-01	-7.860877e-02	1.647269e-15	1.657575e-15
1.412538e+03	9.921846e-01	-8.805871e-02	1.644621e-15	1.657575e-15
1.584893e+03	9.901808e-01	-9.860397e-02	1.641299e-15	1.657575e-15
1.778279e+03	9.876698e-01	-1.103549e-01	1.637137e-15	1.657575e-15
1.995262e+03	9.845265e-01	-1.234262e-01	1.631927e-15	1.657575e-15
2.238721e+03	9.805978e-01	-1.379338e-01	1.625415e-15	1.657575e-15
2.511886e+03	9.756962e-01	-1.539907e-01	1.617290e-15	1.657575e-15
2.818383e+03	9.695947e-01	-1.716999e-01	1.607176e-15	1.657575e-15
3.162278e+03	9.620209e-01	-1.911456e-01	1.594622e-15	1.657575e-15
3.548134e+03	9.526528e-01	-2.123804e-01	1.579094e-15	1.657575e-15
3.981072e+03	9.411153e-01	-2.354088e-01	1.559970e-15	1.657575e-15
4.466836e+03	9.269818e-01	-2.601663e-01	1.536542e-15	1.657575e-15
5.011872e+03	9.097813e-01	-2.864949e-01	1.508031e-15	1.657575e-15
5.623413e+03	8.890140e-01	-3.141148e-01	1.473608e-15	1.657575e-15
6.309573e+03	8.641799e-01	-3.425974e-01	1.432443e-15	1.657575e-15
7.079458e+03	8.348215e-01	-3.713415e-01	1.383780e-15	1.657575e-15
7.943282e+03	8.005816e-01	-3.995632e-01	1.327024e-15	1.657575e-15
8.912509e+03	7.612736e-01	-4.263052e-01	1.261868e-15	1.657575e-15
1.000000e+04	7.169568e-01	-4.504772e-01	1.188410e-15	1.657575e-15
1.122018e+04	6.680010e-01	-4.709306e-01	1.107262e-15	1.657575e-15
1.258925e+04	6.151231e-01	-4.865662e-01	1.019613e-15	1.657575e-15
1.412538e+04	5.593786e-01	-4.964617e-01	9.272123e-16	1.657575e-15
1.584893e+04	5.020955e-01	-4.999956e-01	8.322612e-16	1.657575e-15
1.778279e+04	4.447573e-01	-4.969389e-01	7.372188e-16	1.657575e-15
1.995262e+04	3.888533e-01	-4.874899e-01	6.445537e-16	1.657575e-15
2.238721e+04	3.357273e-01	-4.722441e-01	5.564934e-16	1.657575e-15
2.511886e+04	2.864575e-01	-4.521057e-01	4.748249e-16	1.657575e-15
2.818383e+04	2.417864e-01	-4.281655e-01	4.007792e-16	1.657575e-15
3.162278e+04	2.021083e-01	-4.015726e-01	3.350098e-16	1.657575e-15
3.548134e+04	1.675031e-01	-3.734245e-01	2.776491e-16	1.657575e-15
3.981072e+04	1.377997e-01	-3.446897e-01	2.284135e-16	1.657575e-15
4.466836e+04	1.126509e-01	-3.161656e-01	1.867274e-16	1.657575e-15
5.011872e+04	9.160420e-02	-2.884664e-01	1.518409e-16	1.657575e-15
5.623413e+04	7.416102e-02	-2.620328e-01	1.229275e-16	1.657575e-15
6.309573e+04	5.982063e-02	-2.371542e-01	9.915721e-17	1.657575e-15
7.079458e+04	4.810912e-02	-2.139968e-01	7.974450e-17	1.657575e-15
7.943282e+04	3.859633e-02	-1.926309e-01	6.397633e-17	1.657575e-15
8.912509e+04	3.090347e-02	-1.730562e-01	5.122484e-17	1.657575e-15
1.000000e+05	2.470452e-02	-1.552231e-01	4.094961e-17	1.657575e-15
1.122018e+05	1.972372e-02	-1.390492e-01	3.269355e-17	1.657575e-15
1.258925e+05	1.573092e-02	-1.244325e-01	2.607519e-17	1.657575e-15
1.412538e+05	1.253607e-02	-1.112606e-01	2.077949e-17	1.657575e-15
1.584893e+05	9.983497e-03	-9.941744e-02	1.654840e-17	1.657575e-15
1.778279e+05	7.946490e-03	-8.878820e-02	1.317191e-17	1.657575e-15
1.995262e+05	6.322455e-03	-7.926211e-02	1.047995e-17	1.657575e-15
2.238721e+05	5.028643e-03	-7.073441e-02	8.335356e-18	1.657575e-15
2.511886e+05	3.998529e-03	-6.310737e-02	6.627864e-18	1.657575e-15
2.818383e+05	3.178759e-03	-5.629080e-02	5.269032e-18	1.657575e-15
3.162278e+05	2.526630e-03	-5.020205e-02	4.188079e-18	1.657575e-15
3.548134e+05	2.008017e-03	-4.476589e-02	3.328439e-18	1.657575e-15
3.981072e+05	1.595683e-03	-3.991412e-02	2.644966e-18	1.657575e-15
4.466836e+05	1.267912e-03	-3.558518e-02	2.101661e-18	1.657575e-15
5.011872e+05	1.007401e-03	-3.172360e-02	1.669844e-18	1.657575e-15
5.623413e+05	8.003732e-04	-2.827954e-02	1.326679e-18	1.657575e-15
6.309573e+05	6.358637e-04	-2.520832e-02	1.053992e-18	1.657575e-15
7.079458e+05	5.051505e-04	-2.246988e-02	8.373252e-19	1.657575e-15
7.943282e+05	4.012970e-04	-2.002838e-02	6.651801e-19	1.657575e-15
8.912509e+05	3.187879e-04	-1.785179e-02	5.284150e-19	1.657575e-15
1.000000e+06	2.532388e-04	-1.591146e-02	4.197625e-19	1.657575e-15
1.122018e+06	2.011652e-04	-1.418185e-02	3.334465e-19	1.657575e-15
1.258925e+06	1.597978e-04	-1.264011e-02	2.648770e-19	1.657575e-15
1.412538e+06	1.269361e-04	-1.126588e-02	2.104062e-19	1.657575e-15
1.584893e+06	1.008316e-04	-1.004099e-02	1.671359e-19	1.657575e-15
1.778279e+06	8.009501e-05	-8.949223e-03	1.327635e-19	1.657575e-15
1.995262e+06	6.362278e-05	-7.976135e-03	1.054596e-19	1.657575e-15
2.238721e+06	5.053803e-05	-7.108831e-03	8.377060e-20	1.657575e-15
2.511886e+06	4.014420e-05	-6.335818e-03	6.654205e-20	1.657575e-15
2.818383e+06	3.188794e-05	-5.646850e-03	5.285666e-20	1.657575e-15
3.162278e+06	2.532965e-05	-5.032794e-03	4.198581e-20	1.657575e-15
3.548134e+06	2.012016e-05	-4.485505e-03	3.335069e-20	1.657575e-15
3.981072e+06	1.598208e-05	-3.997728e-03	2.649151e-20	1.657575e-15
4.466836e+06	1.269506e-05	-3.562990e-03	2.104302e-20	1.657575e-15
5.011872e+06	1.008407e-05	-3.175527e-03	1.671511e-20	1.657575e-15
5.623413e+06	8.010079e-06	-2.830197e-03	1.327731e-20	1.657575e-15
6.309573e+06	6.362642e-06	-2.522420e-03	1.054656e-20	1.657575e-15
7.079458e+06	5.054033e-06	-2.248112e-03	8.377441e-21	1.657575e-15
7.943282e+06	4.014565e-06	-2.003634e-03	6.654445e-21	1.657575e-15
8.912509e+06	3.188885e-06	-1.785742e-03	5.285818e-21	1.657575e-15
1.000000e+07	2.533023e-06	-1.591545e-03	4.198677e-21	1.657575e-15
